
 0.1419
 0.1400
 0.1323
 0.1534
 0.1485
 0.1432
 0.1360
 0.1454
 0.1459
 0.1366
 0.1286
 0.1250
 0.1345
 0.1296
 0.1261
 0.1425
 0.1412
 0.1267
 0.1268
 0.1292
 0.1404
 0.1416
 0.1478
 0.1506
 0.1423
 0.1347
 0.1430
 0.1417
 0.1422
 0.1381
 0.1257
 0.1279
 0.1270
 0.1313
 0.1296
 0.1265
 0.1224
 0.1347
 0.1300
 0.1308
 0.1442
 0.1384
 0.0067
 0.0062
 0.0068
 0.0060
 0.0066
 0.0061
 0.0058
 0.0057
 0.0047
 0.0049
 0.0045
 0.0072
 0.0071
 0.0061
 0.0085
 0.0078
 0.1235
 0.1247
 0.1455
 0.1503
 0.0064
 0.0078
 0.0068
 0.0078
 0.0071
 0.0066
 0.0054
 0.0057
 0.0044
 0.0049
 0.0073
 0.0063
 0.0086
 0.0067
 0.0086
 0.0083
 0.1232
 0.1367
 0.1498
 0.1408
 0.0067
 0.0085
 0.0057
 0.0088
 0.0058
 0.0065
 0.0054
 0.0055
 0.0050
 0.0047
 0.0055
 0.0058
 0.0074
 0.0054
 0.0089
 0.0093
 0.1253
 0.1268
 0.1428
 0.1427
 0.0072
 0.0055
 0.0076
 0.0086
 0.0087
 0.0056
 0.0051
 0.0051
 0.0048
 0.0053
 0.0072
 0.0079
 0.0076
 0.0082
 0.0080
 0.0050
 0.1353
 0.1286
 0.1484
 0.1459
 0.0052
 0.0064
 0.0059
 0.0080
 0.0077
 0.0057
 0.0057
 0.0057
 0.0050
 0.0054
 0.0061
 0.0063
 0.0064
 0.0076
 0.0077
 0.0063
 0.1366
 0.1275
 0.1406
 0.1588
 0.0082
 0.0078
 0.0069
 0.0060
 0.0061
 0.0049
 0.0057
 0.0055
 0.0049
 0.0050
 0.0090
 0.0081
 0.0066
 0.0071
 0.0063
 0.0063
 0.1327
 0.1278
 0.1373
 0.1510
 0.0059
 0.0053
 0.0050
 0.0059
 0.0057
 0.0060
 0.0057
 0.0054
 0.0052
 0.0048
 0.0045
 0.0048
 0.0048
 0.0046
 0.0052
 0.0053
 0.1306
 0.1333
 0.1475
 0.1338
 0.0056
 0.0059
 0.0057
 0.0055
 0.0052
 0.0051
 0.0056
 0.0052
 0.0048
 0.0048
 0.0050
 0.0052
 0.0050
 0.0052
 0.0048
 0.0048
 0.1272
 0.1281
 0.9390
 0.9388
 0.3578
 0.3647
 0.3614
 0.3454
 0.3377
 0.3633
 0.3682
 0.3675
 0.3375
 0.3311
 0.3351
 0.3333
 0.3480
 0.3315
 0.3131
 0.3329
 0.9342
 0.9328
 0.9407
 0.9355
 0.3517
 0.3651
 0.3629
 0.3635
 0.3514
 0.3782
 0.3559
 0.3621
 0.3524
 0.3235
 0.3359
 0.3404
 0.3476
 0.3385
 0.3460
 0.3403
 0.9318
 0.9295
 0.9389
 0.9368
 0.0076
 0.0067
 0.0066
 0.0069
 0.0066
 0.0066
 0.3461
 0.3456
 0.3466
 0.3319
 0.0052
 0.0071
 0.0084
 0.0074
 0.0064
 0.0065
 0.9354
 0.9363
 0.9398
 0.9411
 0.0078
 0.0067
 0.0080
 0.0070
 0.0074
 0.0071
 0.3736
 0.3737
 0.3230
 0.3509
 0.0074
 0.0057
 0.0061
 0.0063
 0.0070
 0.0059
 0.9350
 0.9344
 0.9370
 0.9412
 0.0047
 0.0073
 0.0061
 0.0058
 0.0065
 0.0071
 0.3409
 0.3377
 0.3454
 0.3389
 0.0081
 0.0096
 0.0055
 0.0052
 0.0069
 0.0064
 0.9323
 0.9356
 0.9368
 0.9411
 0.0060
 0.0058
 0.0076
 0.0055
 0.0061
 0.0086
 0.3704
 0.3892
 0.3400
 0.3652
 0.0063
 0.0061
 0.0079
 0.0065
 0.0065
 0.0068
 0.9366
 0.9364
 0.9393
 0.9390
 0.0098
 0.0057
 0.0057
 0.0071
 0.0069
 0.0088
 0.3561
 0.3688
 0.3370
 0.3531
 0.0075
 0.0057
 0.0083
 0.0076
 0.0069
 0.0075
 0.9345
 0.9313
 0.9390
 0.9387
 0.0058
 0.0058
 0.0085
 0.0068
 0.0081
 0.0074
 0.3752
 0.3636
 0.3441
 0.3309
 0.0061
 0.0074
 0.0063
 0.0062
 0.0053
 0.0091
 0.9373
 0.9352
 0.9407
 0.9398
 0.9406
 0.9408
 0.9371
 0.9396
 0.9358
 0.9392
 0.9367
 0.9386
 0.9335
 0.9341
 0.9359
 0.9300
 0.9316
 0.9338
 0.9317
 0.9312
 0.9343
 0.9344
 0.9413
 0.9365
 0.9398
 0.9411
 0.9381
 0.9353
 0.9409
 0.9421
 0.9374
 0.9390
 0.9319
 0.9329
 0.9352
 0.9357
 0.9354
 0.9297
 0.9318
 0.9328
 0.9347
 0.9369

